201030288005
967781531470
2165842113
201000953210
33682620870
2183696086
201022248848
201091749655
201013008718
201111777575
201010603322
201007668772
21629310537
201018921237
962789410789
201147669613
249912155684
201095471160
201277618618
20201020443294
249113046066
201221478664
201008644410
213668896058
201000342262
Mo15720011009132560
201110510070
213662424306
970562444311
970562444311
966507680052
201033174213
201067557678
اليمن775260115
23594298464
213780288646
مصر1011234567
Ali@1979201005706071
966594402210
201124680076
201558864213
201552284040
213541899880
21629291923
96594924912
213776687768
2021093275230
201157225501
201145515989
32465602107
213663773976

